1002,1002,2017-11-24,2888,2588,256,256,120,107,0,1002,0,0,0,24,24,0,0.15378670788253476
4294967295,32767,0,4278190080,4294967295,63,0,4294901760,134217727,0,0,4294967040,262143,0,0,4294967295,511,0,4278190080,2147483647,0,0,4294901760,8388607,0,0,4294967040,16383,0,0,4294967295,31,0,4278190080,536870911,0,0,4294901760,1048575,0,0,4294967040,255,0,0,268435455,0,0,4278190080,524287,0,0,4294901760,1023,0,0,4294967040,1,0,0,4194303,0,0,4278190080,8191,0,0,4294901760,3,0,0,67108608,0,0,0,262143,0,0,4278190080,511,0,0,4294901760,3,0,0,536870656,0,0,0,8388607,0,0,4278190080,32767,0,0,4294901760,511,0,0,4294967040,1,0,0,33554431,0,0,4278190080,131071,0,0,4294901760,12583423,0,0,4294967040,122880,0,0,16777215,1008,0,4278190080,4026564607,3,0,4294901760,133955711,0,0,33554176,2096640,0,0,2147549183,65535,0,4278190080,4292870175,2047,0,67043328,4294959104,7,0,65280,134217664,0,0,3221225599,262143,0,2130706432,4290772992,511,0,8323072,4294934528,0,0,32512,4194048,0,0,255,2047,0,4278190080,4026531840,0,0,67043328,0,0,0,4262461184,1,0,0,67084287,0,0,4278190080,262143,0,0,4294901760,511,0,0,2147483392,0,0,0,8388607,0,0,4278190080,16383,0,0,4294901760,63,0,0,536870656,0,0,0,1048575,7340032,0,4278190080,4095,0,0,4294901760,15,0,0,268435200,0,0,0,2097151,0,0,4278190080,8191,0,0,4294901760,31,0,0,268435200,201326592,0,0,1048575,4063232,0,4278190080,8191,65472,0,4294901760,3758120959,1023,0,4294967040,4293918975,31,0,4294967295,1073739777,0,4278190080,33554431,4194300,0,4294901760,4261478399,65535,0,4294967040,4294836351,255,0,1073741823,4294966784,1,4278190080,12582911,33554428,0,4294901760,3758161919,131071,0,4294967040,4290773119,511,0,4294967295,4294836225,1,4278190080,67108863,16776192,0,4294901760,65535,96,0,4294967040,2147483903,3,0,4294967295,1,0,4278190080,33554431,0,0,4294901760,262143,0,0,4294967040,1023,0,0,4294967295,7,0,4278190080,2147483647,0,0,4294901760,33554431,0,0,4294967040,1966079,0,0,4294967295,16383,8388608,4278190080,4294967295,31,0,4294901760,536870911,0,4194304,4294967040,4194303,0,49152,4294967295,32767,0,4278190272,4294967295,255,1073741824,4294901761,4294967295,1,54525952,4294967040,134217727,0,147456,4294967295,1048575,0,4278191616,4294967295,32767,1073741824,4294901760,4294967295,8191,4194304,4294967040,4294967295,524287,8192,4294967295,4294967295,4294967295,4278192127,4294967295,4294967295,4294967295,7,0,0,0,0,0,0,0,0,0,0,0,0,0,0,0,0,0,0,0








0,45,17,0,0,0,0,39,20,0,0,0,0,39,16,0,0,0,0,34,23,0,0,0,0,50,27,0,0,0


