1007,1007,2017-11-25,2888,2588,512,512,120,107,0,1007,0,0,0,24,24,0,0.15378670788253476
4294967295,4294967295,4294967295,4294967295,4294967295,4294967295,4294967295,4294967295,4294967295,4294967295,4294967295,4294967295,4294967295,4294967295,4294967295,4294967295,4294967295,4294967295,4294967295,4294967295,4294967295,4294967295,4294967295,4294967295,4294967295,4294967295,4294967295,4294967295,4294967295,4294967295,4294967295,4294967295,4294967295,4294967295,4294967295,4294967295,4294967295,4294967295,4294967295,1048575,4294959104,4294967295,4294967295,1023,4294967168,4294967295,4294967295,0,4294967294,4294967295,2097151,4160749568,4294967295,4294967295,2047,4292870144,4294967295,4294967295,0,4294934528,4294967295,2148401153,511,4294966784,2097151,4292870144,7,4294967292,511,134216704,4026531840,4294967295,2147483649,524287,4290772992,2097151,4292870144,1023,4294934528,4095,4294963200,3,4294966784,255,67108856,0,4294967294,4026531843,65535,4278190080,67108863,4293918720,127,4294950912,4194303,2147418112,16773120,4294967280,32767,4194048,4227923960,4294967295,983167,4227862527,4294901887,2147483647,4160753408,1073479687,4294967264,2149580799,133169159,4162846208,4294967295,132128767,2147610624,4294705183,4294967295,520207,264241200,4294966784,67108863,8188,522240,4294967295,4228120575,255,4261414910,4294967295,4294705663,4286578688,4294836231,67108863,67108736,67100672,4294967040,2147549183,262143,262136,4294967295,4292870271,4160750591,4286579199,536870911,4294959104,4293918723,4294950913,524287,33554400,16769024,4294967288,3758097407,131071,4227891136,4294967295,4292870144,3221225599,4294901887,16777215,536854528,520093696,4294967232,65535,1048448,4160749568,4294967295,1023,1072693503,4294705152,4294967295,1040187407,33553408,4294967040,4294967295,7,4294967294,4294967295,4294967295,4286578688,4294967295,4294967295,67108863,4294959104,4294967295,4294967295,524287,4294967288,4294967295,4294967295,4261414911,4294967295,4294967295,4294967295,4294934528,4294967295,4294967295,16777215,4294967264,4294967295,4294967295,4026564607,4294967295,4294967295,4294967295,4294836287,4294967295,4294967295,1073741823,4294967168,4294967295,4294967295,3223322623,4294967295,4294967295,4294967295,4290781183,4294967295,4294967295,4294967295,2147467267,4294967040,4294967295,16777215,524256,4294967288,4294967295,3758129151,3758096639,4294967039,4294967295,2145386623,4286578688,4294967295,4294967295,4186112,2147483648,4294967295,67108863,528490464,4227858432,4294967295,4026793983,16769039,4293918720,4294967295,267387903,524272,4294950912,4294967295,4161269763,4095,4294967168,67108863,4294443008,2147483679,4294967295,524287,1073739776,4286578688,4294967295,2047,8388604,4294934528,4294967295,4227858439,65535,4294967168,268435455,4294705152,2147484159,4294967295,1048575,4294705152,4278190083,4294967295,2047,67104768,4294836224,4294967295,7,8388592,4294966286,134217727,4026531840,536870911,4294967288,524287,4294443008,4164943871,4294967295,1023,4294966272,4292886527,4294967295,15,4294967295,4294959231,268435455,4286578688,4294967295,4294967232,2097151,4294934528,2164260863,4294967295,32767,4294967168,4286644223,4294967295,524287,4294967292,4294934655,4294967295,3758129151,1073741823,4294967168,4294967295,4290773503,3225419775,4294967295,4294967295,4294934531,4292878335,4294967295,134217727,4294966784,4294965255,4294967295,2097151,33554428,4294967292,4294967295,4160782335,4227923967,4294967295,4294967295,3221225983,4294836287,4294967295,4294967295,3,4294966784,4294967295,268435455,3221225472,4294967295,4294967295,2097151,4294443008,4294967295,4294967295,65535,4294966784,4294967295,4294967295,4160750079,4294967295,4294967295,4294967295,4294965255,4294967295,4294967295,4294967295,4294967295,4294967295,4294967295,4294967295,4294967295,4294967295,4294967295,4294967295,4294967295,4294967295,4294967295,4294967295,4294967295,4294967295,4294967295,4294967295,4294967295,4294967295,4294967295,4294967295,4294967295,4294967295,4294967295,4294967295,4294967295,4294967295,4294967295,4294967295,4294967295,4294967295,4294967295,4294967295,4294967295,4294967295,4294967295,4294967295,4294967295,4294967295,4294967295,255











