2011,经验副本1,2017-5-3,1500,1380,30,30,50,46,1,2011,background /,0,0,0,0,2
4294967295,4294967295,4294967295,4294443007,4294967231,4028628487,4161798143,4294951039,33538111,16777215,4294444031,268174335,268435440,4290772992,32767,4294967040,4278190087,1048575,4294965248,3758096415,8388607,4294901760,255,67108860,4292870144,2047,536870784,4227858432,16383,67100672,0,2016,528482304,0,15360,4026531840,1,507904,2147483648,31,838729728,1610612736,65534,4294950912,7,4194303,4294836224,255,134217720,4293918720,8191,4294967232,4286578688,262143,4294967040,4160749575,1048575,4294950912,63,16777214,4294444031,536609791,268435424,4286611440,4292902911,4294967041,4228906947,4294967295,4294967039,4294967295,4294967295,268435455

32,27,0








