2013,兽灵副本3,2017-5-3,1980,1740,30,30,66,58,1,2013,background /,0,0,0,0,2
4294967295,4294967295,4294967295,4294967295,4282384383,4294967295,4228907007,4294967295,4026793983,4294967295,3758227455,4294967295,2147745791,4294963327,1048575,4294836734,2097151,4293919712,8388607,4286578688,16777215,4227858432,67108863,3758096384,134217727,2147483648,536870911,0,1073734140,0,4294901760,1,4294443008,15,4290772992,127,4261412864,1023,4026531840,8191,2147483648,65535,0,524286,0,4194296,0,8388576,0,33554304,0,134217216,0,536868864,0,2147475456,0,4294934528,0,4294836224,3,4294443008,15,4292870144,63,4278190080,255,4026531840,2047,2147483648,32767,0,131064,0,524224,0,4194176,0,16776704,0,67106816,0,268427264,0,1073709056,0,4294901760,1,4294705152,7,4293918720,63,4292870144,511,4290772992,4095,4286578688,32767,4278190080,131071,4261412864,2097151,4227858432,16777215,4261412864,134217727,4261904384,1073741823,4294836224,4294967295,4294705153,4294967295,4294443023,4294967295,4294967167,4294967295,4294967295,4294967295,4294967295,1048575

32,27,0








