2014,银币副本4,2017-5-3,1680,1680,30,30,56,56,1,2014,background /,0,0,0,0,2
4294967295,4294967295,4294967295,4294967295,4026532863,16777183,3757047808,65535,4292861952,255,4294954976,3758096385,33554383,3487563776,131071,4290895872,1,16761312,3221225472,32704,3221225472,127,1069547520,0,2080768,0,4032,3221225472,7,62914560,0,507904,0,1984,3221225472,7,130023424,0,507904,0,1984,3221225472,7,264241152,0,4177920,0,16320,3221225472,63,1069547520,0,507904,0,1984,3221225472,7,264241152,0,4177920,0,65472,3221225472,255,2143289344,0,8372224,0,32704,3221225472,127,2143289344,0,8372224,0,32704,3221225472,127,2143289344,0,8372224,0,32704,3221225472,127,2143289344,0,4177920,0,4032,3221225472,7,4156555264,4294967295,4294967295,4294967295,4294967295,4294967295

32,27,0








