2018,仙府夺宝体验副本,2017-5-3,2100,2070,30,30,70,69,1,2018,background /,0,0,0,0,1
4294967295,4294967295,4294967295,4294967295,4294967295,4294963263,4294967295,4160749823,4294967295,1023,4294967232,32767,4294950912,1048575,4290772992,33554431,3221225472,1073741823,0,4294967232,7,4294959104,511,4293918720,16383,4227858432,524287,0,16777214,0,536870656,0,4294934528,3,4292870144,127,4026531840,8191,0,262136,0,16776704,0,536805376,0,4286578688,7,3221225472,255,0,16368,0,523264,0,33488896,0,1065353216,0,3758096384,31,0,2040,0,130560,0,8323072,0,532676608,0,4026531840,7,0,508,0,32256,0,2064384,0,266338304,0,4160749568,3,0,252,0,16128,0,1040384,0,66584576,0,4261412864,0,3221225472,63,0,4080,0,261632,0,16744448,0,1072693248,0,4227858432,15,0,1023,0,65504,0,8386560,0,1073676288,0,4290772992,31,4160749568,4095,0,524286,0,67108800,0,4294963200,1,4294705152,511,4290772992,65535,4227858432,8388607,3221225472,1073741823,0,4294967292,31,4294967232,4095,4294965248,1048575,4294934752,4294967295,4294704640,4294967295,4294959103,4294967295,4294967295,4294967295,4294967295,1073741823

32,27,0








