6102,幻境第一章BOSS,2017-10-1,2160,1590,30,30,72,53,1,6102,background /,0,0,0,0,2
4294967295,4294967295,4294967295,4294967295,4294967295,4294934783,4294967295,4261429123,4294967295,511,4294967288,32767,4294950912,4194303,4278190080,1073741823,0,4294967292,31,4294950912,8191,4227858432,1048575,0,268435440,0,4294959104,15,4286578688,2047,0,524287,0,67107840,0,4294443008,15,3758096384,16383,0,16777152,0,4294934528,3,4278190080,2047,0,524286,0,134216704,0,4294443008,7,4160749568,2047,0,524272,8380416,134213632,2145386496,4293918720,4026531847,3758096639,2047,131056,524256,33550336,134209536,4292870144,4290772993,3758096387,3758096895,1023,131040,1048544,33546240,536866816,4292870144,4294443009,3221225535,4160750079,32767,32512,16777212,1966080,4294966784,67108871,4294901760,16383,4290772992,16777215,3758096384,4294967295,1,4294967280,1023,4294963200,524287,4294443008,268435455,4160749568,4294967295,31,4294967292,16383,4294967294,4294967295,4294967040,4294967295,4294951423,4294967295,4293001215,4294967295,4227858431,4294967295,4294967295,4294967295,4294967295,4294967295,255

32,27,0








