6201,幻境第二章,2017-10-2,1320,1920,30,30,44,64,1,6201,background /,0,0,0,0,2
4294967295,4294967295,4294967295,16777215,130023932,2080768,4227858432,1,4032,16515072,3221225472,15,64512,264241152,0,252,1032192,4261412864,0,4064,16646144,3758096384,15,32256,132120576,0,126,516096,2113929216,0,2016,16646144,3758096384,15,65024,266338304,0,254,1040384,4261412864,0,4064,16646144,3758096384,15,65024,534773760,0,510,2088960,4261412864,1,8160,67043328,4177461248,4160749631,131071,536870848,4294705152,3758096639,1048575,2147483392,4294443008,3221227519,4194303,4294965248,4286578695,32767,134217720,4294934528,4227858559,524287,4294967264,4294901760,4026535935,16777215,4294967168,4294705167,3758161919,536870911,4294967040,4293922815,2214592511,4294967295,4294966783,4294967295,4294967295,4294967295

32,27,0








